3 139 145 66 27 161 175 72 33 311 171 40 29 
 3 135 142 70 29 160 175 71 33 307 170 45 31  
4 302 34 47 21 281 149 68 27 269 180 80 33 0 157 63 33
 4 304 33 44 19 311 150 39 29 298 183 50 28 0 159 68 30 
 4 298 33 48 20 324 155 26 19 308 179 43 34 4 157 78 33 
 4 286 34 53 18 336 155 14 23 320 183 30 30 18 157 73 35 
 3 279 34 48 19 332 185 19 29 28 157 76 39 
 3 272 33 53 20 339 179 11 35 42 156 71 41 
 3 265 34 55 22 41 159 87 38 333 193 17 19 
 2 259 35 49 19 50 166 88 30 
 2 252 33 49 22 71 162 80 37 
 2 241 32 52 22 74 162 88 35 
 2 231 38 59 12 98 163 76 34 
 2 229 34 50 17 110 164 75 36 
 2 222 33 49 17 111 161 82 39 
 2 213 31 53 19 126 164 81 37 
 2 205 31 54 20 142 160 78 44 
 2 199 32 51 19 149 164 82 39 
 2 190 33 54 18 161 166 83 38 
 2 178 33 61 18 163 169 94 36  
 3 170 169 98 36 175 31 57 21 0 180 16 24 
 3 169 31 58 20 178 169 105 36 0 174 30 38 
 3 161 31 55 20 194 172 102 32 1 181 40 29
 4 221 163 83 43 159 30 48 21 338 44 11 16 0 179 52 29 
 4 151 34 51 14 326 41 25 17 236 169 82 39 4 181 54 29 
 4 143 31 49 19 0 181 65 29 324 44 27 17 250 173 80 36 
 4 139 33 44 16 316 44 35 18 264 172 78 37 7 184 72 24 
 4 127 33 50 17 306 43 41 17 16 181 77 30 264 175 86 36 
 4 121 33 51 15 295 42 43 16 272 173 77 35 26 184 74 25 
 4 115 31 49 17 289 43 39 16 35 183 78 29 282 169 68 39 
 4 111 31 47 17 275 42 45 19 45 184 78 27 300 171 50 39 
 4 264 42 47 19 104 32 45 18 56 184 77 29 309 173 42 36 
 4 251 44 50 15 94 31 50 17 67 183 76 30 320 176 35 31 
 4 87 31 51 18 243 44 48 17 76 189 81 27 319 185 31 23 
 4 79 30 51 19 232 42 50 16 87 186 79 27 330 186 20 21 
 4 74 30 48 18 223 43 48 17 97 185 82 32 342 184 8 20 
 3 65 31 51 16 215 42 49 17 108 184 81 33 
  4 206 42 49 18 58 29 57 20 117 185 89 30 0 134 16 28 
 4 53 29 50 21 196 43 49 16 0 136 28 27 128 185 83 31 
 4 47 29 48 18 189 41 47 18 138 186 88 32 0 133 41 29 
4 43 29 45 18 178 42 48 16 151 189 83 29 0 133 55 32 
4 34 30 47 17 171 42 47 15 1 136 67 27 162 188 84 29 
 4 26 29 48 18 162 41 47 15 9 134 72 31 174 185 80 34 
4 20 29 51 17 154 37 45 21 23 136 72 31 183 188 87 32 
4 14 28 49 18 145 38 46 21 37 136 72 31 198 188 81 33 
 4 9 30 46 17 135 39 46 17 51 139 71 28 207 190 85 30 
4 1 27 47 18 126 40 49 17 65 142 71 26 215 190 89 30 
4 226 188 91 33 73 137 84 34 115 40 52 18 0 26 50 24 
 5 238 188 90 33 88 141 84 28 105 38 53 21 0 27 40 19 331 50 19 19 
5 0 28 29 16 101 39 46 17 326 49 25 21 104 142 80 26 250 188 88 35 
5 0 25 23 20 92 39 47 16 320 49 31 20 117 141 78 30 264 193 85 29 
5 0 28 16 14 84 39 44 16 314 51 36 18 134 140 74 31 272 191 78 31 
5 0 27 9 17 74 40 46 16 302 51 47 17 144 145 82 27 285 186 65 36 
4 68 38 44 16 289 49 51 21 160 143 79 31 295 191 55 30 
5 57 37 44 17 280 49 48 21 338 39 12 12 176 143 78 31 304 192 47 31 
5 50 35 43 22 269 52 55 17 335 37 15 13 186 144 82 32 317 188 34 37 
5 42 37 43 17 259 50 53 19 332 37 18 15 199 144 83 31 329 189 24 36 
5 33 36 42 19 255 50 46 19 322 35 28 16 217 144 80 32 340 190 11 28 
4 25 38 42 17 241 49 51 19 321 35 29 16 231 144 82 35 
3 17 35 42 19 236 45 46 24 242 147 87 31 
3 8 37 42 17 222 47 51 22 261 146 85 34 
4 1 32 46 22 214 47 52 21 0 160 10 21 270 142 80 39 
5 288 33 40 19 202 45 55 24 0 33 45 21 0 156 23 34 281 146 68 35 
 4 300 142 49 44 196 43 51 29 0 32 31 28 1 148 37 39  
5 0 33 22 20 190 49 47 17 277 36 40 13 0 157 48 27 314 152 36 30 
 5 0 35 14 20 181 46 49 20 270 36 44 14 0 155 55 35 328 151 24 32 
4 172 48 49 19 265 35 42 14 0 161 71 26 342 158 7 14 
3 165 45 46 23 254 36 47 13 6 161 74 28 
3 156 47 48 22 250 33 45 18 19 161 75 30 
3 29 160 77 33 142 47 52 19 243 34 43 16 
3 238 34 42 15 135 47 53 18 41 160 80 33 
 3 56 161 72 31 130 45 46 22 231 35 41 14 
3 68 163 75 29 117 47 50 20 223 33 43 16 
4 108 46 52 19 217 34 42 16 0 174 15 30 81 162 77 32 
4 0 174 23 35 94 162 78 31 101 45 50 21 210 31 43 18 
4 94 46 48 20 211 34 36 16 105 168 80 26 0 176 35 33 
4 0 172 46 38 117 165 77 32 85 45 49 20 200 32 40 17 
4 191 33 44 15 74 46 48 19 0 178 55 31 128 165 80 31 
4 0 176 65 34 140 165 81 32 71 43 44 20 184 34 44 15 
4 55 45 54 20 178 33 45 16 0 175 80 38 153 167 82 32 
4 0 170 97 47 50 43 52 22 174 31 45 18 164 169 88 27
4 0 179 101 32 178 166 82 34 45 42 45 24 168 33 43 14 
4 1 176 111 39 36 44 45 20 159 31 46 16 187 167 91 34 
4 207 169 85 34 0 180 121 32 29 44 45 19 155 34 43 15 
5 149 32 41 16 19 42 50 21 218 167 84 37 0 176 136 37 342 40 8 13 
5 11 42 50 21 144 31 44 16 336 36 14 21 229 170 86 34 1 175 150 40 
5 5 41 51 23 139 34 39 12 330 36 21 20 243 169 84 35 0 179 154 38 
5 1 39 47 26 132 29 42 20 0 175 166 42 327 34 24 17 254 172 88 36 
5 0 38 35 25 124 30 42 17 320 34 30 18 268 172 82 39 0 181 174 37 
5 0 38 31 24 124 31 40 14 311 32 39 20 280 172 70 35 2 184 180 35 
 5 5 180 198 39 1 39 21 22 115 30 41 15 310 36 41 18 291 174 59 35 
5 0 41 13 19 109 32 38 14 299 34 46 22 15 181 196 39 306 175 45 31 
4 104 29 39 17 301 32 38 24 23 180 195 43 317 175 33 32 
5 96 30 41 15 290 35 41 19 343 57 8 13 39 181 192 41 329 179 22 25 
5 94 32 36 12 282 35 43 17 340 55 9 18 48 175 193 56 341 181 9 19 
4 88 32 38 14 273 36 46 17 327 52 22 17 61 182 194 40 
4 82 31 39 14 265 32 46 22 319 51 32 19 71 176 195 44 
4 73 27 41 19 259 32 50 22 312 52 37 18 83 179 201 44 
 4 69 31 40 13 250 32 50 19 297 53 43 17 101 182 186 47 
4 63 27 42 17 242 30 49 22 280 53 51 15 103 180 199 46 
4 57 29 40 13 235 31 50 22 275 51 49 19 114 185 200 47 
4 124 182 202 56 53 30 42 13 222 32 56 21 265 52 46 18 
4 48 28 37 15 221 29 51 22 254 50 52 18 137 182 202 52 
4 147 188 203 40 46 28 35 14 217 33 49 17 244 50 44 18 
4 234 50 48 17 210 32 50 19 41 27 37 14 166 182 184 51 
6 171 187 179 42 0 104 8 18 32 31 37 11 203 35 46 15 226 52 46 16 332 64 18 16 
6 30 29 35 13 0 100 20 24 180 189 169 44 197 34 45 16 212 50 53 17 318 57 32 24 
6 0 102 31 24 194 185 156 41 24 28 38 14 192 31 45 18 206 48 46 18 302 64 49 18 
6 16 28 41 13 186 31 47 18 191 49 53 18 296 61 54 21 0 102 48 23 206 187 144 43 
6 10 29 39 12 0 105 57 22 180 32 44 17 184 49 53 17 284 60 61 22 216 188 133 38 
6 227 188 122 45 12 104 56 24 8 25 38 16 173 28 46 22 175 50 49 18 273 62 57 20 
6 240 186 110 46 22 104 58 27 2 29 44 12 166 33 45 17 163 50 52 17 261 61 61 20 
6 253 59 55 27 159 47 43 21 156 32 47 17 0 26 36 16 34 108 55 20 248 191 102 47 
6 259 191 92 40 46 107 54 21 150 31 44 19 151 48 41 18 237 59 59 22 0 27 29 13 
6 0 25 25 13 145 31 45 18 136 49 53 16 227 60 60 22 58 103 58 32 271 190 80 43 
 6 283 188 67 43 68 107 60 22 127 48 44 19 139 29 47 20 219 58 56 21 1 23 15 19 
5 83 105 59 24 298 193 51 32 209 57 55 24 117 48 45 19 132 30 49 18 
 5 303 190 47 40 93 108 59 27 193 59 61 18 107 50 48 16 128 28 45 21  
5 315 188 35 42 105 108 61 27 98 49 45 19 120 32 45 21 185 56 55 27 
5 111 30 48 22 89 47 45 19 176 57 54 23 119 108 61 25 327 197 23 35 
4 106 30 47 19 84 43 40 22 164 56 54 22 130 110 64 24 
4 99 31 47 18 71 46 46 19 153 55 55 24 146 109 58 22 
4 97 32 41 17 64 45 41 19 140 57 56 22 156 112 62 24 
4 91 32 43 18 54 48 44 17 129 55 56 23 173 109 59 29 
4 83 32 43 17 45 46 44 22 124 56 52 19 186 110 61 28 
4 72 27 48 29 39 44 44 23 115 54 50 22 195 108 59 26 
4 204 112 69 31 69 31 46 16 24 45 50 22 99 53 56 28 
5 62 29 45 20 18 44 42 21 91 55 51 22 222 112 65 26 1 133 15 28 
5 58 31 43 18 13 44 39 21 77 55 55 22 234 111 68 29 0 130 28 37 
7 252 106 63 36 1 128 39 41 5 44 37 21 51 29 45 19 65 56 58 20 328 36 23 14 334 54 16 18 
7 42 30 44 17 0 45 34 19 61 54 49 23 0 131 51 33 263 111 64 32 325 55 24 19 325 33 26 17 
7 36 31 48 16 48 56 53 19 0 45 28 20 2 130 65 34 273 112 66 27 317 52 40 21 319 31 32 18 
7 290 108 60 37 0 131 71 35 40 53 50 21 34 27 44 22 0 43 19 19 308 31 43 18 307 52 43 22 
6 301 26 47 24 300 53 46 20 303 114 46 28 7 130 80 36 27 54 52 20 29 29 40 17
6 18 29 50 18 18 53 49 24 16 129 82 40 315 110 35 29 287 53 50 20 298 31 43 20 
6 13 28 43 19 7 55 51 21 23 134 90 32 337 112 12 30 276 51 51 20 290 32 40 18 
6 282 31 48 21 273 49 48 23 39 135 90 30 1 51 54 23 8 26 47 21 342 116 9 26 
5 268 30 51 22 260 51 46 20 46 132 92 38 0 51 42 25 3 27 45 22 
5 1 28 41 20 0 50 29 22 59 135 89 34 248 52 47 21 256 28 57 23 
5 68 131 96 38 237 50 51 21 255 32 49 18 0 26 34 19 0 55 19 15 
4 92 133 84 39 228 48 50 25 250 31 48 20 1 27 28 18 
4 243 30 48 20 220 51 48 20 92 137 99 33 0 26 24 20
4 0 25 17 19 212 52 43 18 235 30 44 19 115 134 90 41 
4 119 137 100 36 204 48 43 22 229 30 44 18 0 24 13 22 
 3 222 29 44 18 190 47 50 23 139 135 92 39 
3 156 136 88 40 184 49 45 20 214 26 46 22 
3 205 30 49 18 171 49 50 20 168 136 90 40 
3 180 138 92 37 164 51 48 17 200 30 45 19 
3 192 29 45 21 155 49 47 18 194 137 90 39 
3 213 139 87 39 147 49 45 18 186 31 44 16 
3 177 30 46 18 132 51 52 17 222 139 91 38 
3 235 140 93 41 129 47 45 22 170 29 47 20 
3 164 28 44 18 120 50 44 17 241 140 103 44 
4 160 29 40 17 116 46 38 20 0 183 20 32 260 140 90 41 
4 276 139 73 41 100 47 47 20 149 29 47 17 0 185 29 30 
4 0 187 38 27 288 141 62 39 94 46 43 24 143 29 46 18 
4 297 136 52 43 1 188 51 27 84 47 44 19 135 28 46 18 
4 318 142 32 36 0 189 64 26 78 47 42 20 132 26 41 23 
4 326 145 24 29 4 190 71 26 67 48 44 18 123 26 40 21 
4 121 27 39 20 57 47 49 19 20 188 64 30 336 150 15 28 
 3 109 26 44 20 52 47 42 19 33 190 62 29 
3 40 188 67 30 42 45 43 19 104 28 40 17 
3 97 29 44 17 34 45 44 20 52 194 67 25 
3 62 192 71 29 25 46 44 21 91 27 43 18 
3 83 24 42 20 17 47 43 17 75 189 71 31 
3 84 192 72 30 8 48 44 16 79 25 38 19 
3 98 193 70 28 0 45 46 21 70 27 45 17 
3 106 192 74 31 1 46 35 17 63 24 43 20 
3 0 43 28 20 58 25 42 19 123 191 70 32 
3 135 192 68 32 0 44 21 19 52 25 41 19 
4 44 25 43 18 1 45 10 18 142 196 74 28 345 59 5 10 
3 39 24 49 19 337 54 13 17 154 198 75 27 
3 170 196 69 32 30 25 43 18 327 52 23 17 
3 180 197 73 30 27 25 40 18 319 48 31 23 
3 22 23 40 19 193 199 73 28 312 49 39 23 
3 301 51 47 20 206 198 73 31 14 23 40 19 
3 10 22 38 20 287 47 55 25 218 198 72 31 
3 4 23 43 19 282 49 48 22 231 200 71 29 
3 0 23 37 19 265 50 54 18 243 200 75 32 
3 257 50 53 21 250 202 78 27 0 22 37 20 
3 1 18 24 22 252 49 49 21 263 204 78 27 
3 281 202 70 29 237 49 53 21 0 22 17 19 
3 291 201 60 31 230 49 51 22 0 22 12 19 
3 0 22 7 15 220 45 50 24 306 201 46 30 
2 316 202 34 30 213 46 47 23 
2 203 45 46 23 325 202 25 27 
2 338 204 12 22 187 47 55 24 
1 177 42 53 28 
2 0 123 11 24 171 47 47 20 
2 157 47 55 20 0 123 20 23 
2 150 49 53 17 1 123 31 25 
 2 145 46 44 21 2 125 42 23 
2 132 45 50 22 0 124 61 26 
2 126 45 47 21 8 125 66 27 
2 21 127 65 23 118 46 44 20 
 2 107 44 46 23 36 127 61 23 
2 47 123 63 31 96 44 48 21 
2 86 45 47 21 61 126 64 26 
3 77 44 49 21 72 128 63 24 337 43 11 20 
3 69 43 46 22 84 128 66 26 329 43 22 18 
3 58 45 47 21 96 126 67 32 324 40 26 18 
3 50 44 47 21 114 128 61 28 312 41 40 21 
3 301 40 46 22 125 129 65 27 41 44 48 21 
3 298 42 40 20 138 130 65 28 34 45 45 19 
3 285 44 44 19 150 130 67 25 26 44 46 20 
3 14 43 47 23 272 40 50 23 166 132 66 26 
3 267 43 43 17 8 43 46 20 181 131 63 26 
3 190 131 67 28 258 41 50 19 1 41 46 22 
3 0 41 37 22 251 42 43 18 202 132 72 28 
3 217 134 71 25 238 40 47 20 1 40 25 22 
3 0 42 17 20 234 42 42 18 231 135 69 27 
3 250 131 64 29 228 39 40 21 0 41 7 21 
2 215 39 43 21 257 136 72 25 
2 268 134 78 31 203 42 47 17 
2 198 39 42 21 283 138 67 24 
2 294 137 56 24 185 40 48 18 
2 176 38 49 20 310 137 40 27 
3 171 40 43 18 323 141 27 20 342 52 7 10 
3 163 40 45 18 335 145 15 14 334 47 16 15 
2 156 42 44 16 324 45 25 15 
2 143 40 50 17 321 42 27 20 
2 138 40 45 17 305 46 44 18 
2 131 40 47 16 304 44 42 19 
 2 124 37 44 20 296 43 42 19 
2 283 45 47 17 114 38 47 20 
2 271 43 51 19 108 38 44 18 
3 267 46 42 15 98 38 44 18 342 61 8 13 
3 253 45 50 15 90 40 45 17 333 59 18 16 
3 244 44 47 17 83 39 43 17 321 55 29 20 
3 310 50 40 26 239 42 44 19 77 38 40 18 
4 231 44 44 17 67 39 44 16 300 60 21 14 304 55 42 16 
4 290 52 48 18 289 62 29 12 219 44 51 14 56 35 44 22 
4 277 62 26 14 285 54 42 14 213 43 44 16 51 37 42 19 
4 204 43 43 16 267 62 26 12 272 53 42 16 43 38 44 18 
4 35 36 45 19 195 43 46 17 259 59 27 14 260 53 46 15 
 4 254 52 43 14 246 60 28 14 188 41 46 19 27 36 45 17 
4 235 61 27 15 243 50 41 19 177 40 48 19 21 36 41 19 
4 226 61 25 11 229 55 44 14 170 42 44 16 11 35 45 20 
4 216 58 26 13 217 54 46 13 158 43 47 15 3 36 43 18 
4 205 61 26 12 209 51 41 17 154 41 42 17 1 36 37 17 
4 192 61 27 13 196 53 46 15 145 43 42 16 0 36 29 19 
4 187 61 24 12 189 50 38 17 135 40 44 17 1 37 20 16 
4 180 60 22 11 179 49 39 17 129 42 40 15 0 34 14 19 
4 166 58 26 13 167 51 43 15 120 40 42 19 0 33 6 22 
3 160 59 23 12 161 49 39 16 113 42 40 15 
3 149 60 19 13 149 49 38 18 102 40 43 17 
3 139 55 22 15 139 50 39 15 93 39 44 16 
3 130 56 22 15 128 49 39 17 85 39 46 15 
3 118 58 27 11 118 49 41 16 81 36 43 20 
 3 113 56 19 14 111 52 35 12 73 40 38 14 
3 96 57 27 13 99 50 41 15 63 39 43 18 
3 93 57 22 14 89 48 39 17 53 39 45 18 
3 79 57 26 12 79 51 35 12 48 40 42 15 
3 70 55 22 14 75 47 30 18 40 40 40 14 
3 61 58 21 12 64 45 32 19 32 38 42 18 
3 55 55 20 13 53 48 35 15 24 38 43 16 
3 45 58 19 11 41 47 36 16 18 36 37 19 
3 34 56 24 13 31 48 36 14 13 40 32 15 
3 2 39 36 15 19 48 35 14 28 60 17 9 
3 19 56 17 11 16 50 33 12 5 40 27 12 
3 9 59 20 8 3 47 36 13 2 39 19 10 
1 2 53 14 15 
1 0 39 20 31 
1 0 44 13 21  
1 0 0 1 1
1 0 0 1 1
1 0 0 1 1
1 338 46 10 16 
1 324 45 25 15 
1 317 46 32 14 
1 305 41 44 22 
3 0 179 18 22 303 46 34 14 334 39 14 12 
3 0 178 28 28 289 44 42 16 328 34 21 17 
3 0 175 39 31 282 46 40 14 318 36 31 13 
3 1 177 48 29 267 44 54 16 308 33 35 17 
3 262 45 48 19 299 36 42 14 0 174 63 37 
3 0 175 70 32 253 44 42 15 288 37 44 13 
3 0 175 80 32 246 43 45 18 279 36 42 12 
3 5 176 84 31 238 44 43 17 273 32 41 17 
3 15 175 84 33 224 41 47 21 262 33 44 19 
3 23 177 87 32 222 41 37 19 252 34 39 17 
3 33 172 81 37 213 41 42 18 247 34 36 17 
3 44 178 86 31 205 41 39 16 236 33 39 17 
3 52 178 89 32 196 43 39 15 223 33 44 17 
3 66 179 87 32 187 41 41 17 217 34 40 15 
3 73 180 90 31 178 42 42 16 209 35 41 14 
3 84 181 89 31 170 43 38 15 201 35 39 14 
3 95 182 88 31 163 41 39 17 191 34 41 15 
3 108 181 81 30 152 41 42 17 183 33 39 15 
4 1 162 19 25 114 182 92 30 146 39 40 19 173 32 43 16 
4 122 182 95 32 0 161 29 30 136 41 42 15 165 32 44 16 
4 158 31 41 19 126 42 45 16 0 158 38 35 130 181 96 37  
4 147 32 45 16 118 40 45 16 0 157 49 36 135 177 101 41 
4 157 178 90 37 0 159 60 33 114 38 39 18 142 33 37 15 
4 167 180 89 37 1 159 70 34 103 40 42 18 131 32 43 16 
4 175 185 97 29 4 162 77 29 95 40 41 17 125 34 40 14 
4 188 183 92 35 11 161 82 32 86 39 43 18 115 32 40 16 
4 198 187 95 28 13 162 93 31 79 38 42 18 110 34 36 12 
4 209 186 97 32 27 165 86 28 72 39 38 17 96 33 41 14 
4 219 187 97 32 32 162 92 32 63 37 41 18 95 31 36 17 
4 230 186 98 31 45 162 87 33 55 38 41 17 82 30 41 16 
4 58 160 87 35 240 187 100 32 48 40 36 15 70 32 46 14 
4 251 181 97 43 66 162 93 34 40 33 36 21 65 31 40 15 
4 259 185 89 35 86 161 80 33 34 39 35 17 60 33 35 13 
4 271 185 79 36 95 164 85 31 26 35 37 19 50 30 39 16 
4 283 179 66 44 99 165 89 31 18 39 37 18 42 29 39 16 
4 300 189 48 35 115 165 85 32 11 37 36 16 33 28 39 16 
4 305 186 44 36 128 165 87 32 1 35 39 19 25 27 40 17 
4 14 30 42 15 0 39 33 12 126 165 97 33 316 190 34 31 
4 330 189 19 33 140 167 95 29 0 37 23 17 16 30 32 14 
3 147 164 95 32 3 30 33 14 1 37 15 16 
3 159 167 98 32 0 98 20 28 1 29 33 15  
3 175 167 93 31 0 96 29 26 1 29 22 17 
3 188 166 90 32 1 96 42 27 0 28 15 19 
3 196 169 96 30 0 99 54 22 0 33 7 10 
2 8 101 60 22 211 169 92 30 
2 214 167 99 33 15 99 68 26 
2 228 167 99 32 31 95 64 29 
2 247 166 91 38 44 99 57 28 
2 54 102 60 25 251 167 99 40 
2 266 167 83 37 67 99 59 30 
2 76 103 65 23 275 164 74 38 
2 89 101 67 25 282 166 67 37 
2 101 99 66 28 301 163 48 39 
2 114 103 65 25 310 161 40 42 
3 128 104 62 24 322 179 27 20 0 134 14 20 
3 329 179 22 23 140 103 66 27 0 132 22 31 
3 342 180 7 18 152 104 65 26 0 130 32 36 
2 166 106 63 24 0 117 45 49 
2 175 104 71 25 1 112 50 54 
2 195 103 62 27 1 112 66 54 
2 207 106 65 25 0 113 73 53 
2 215 104 68 29 0 111 89 60 
2 226 106 73 26 0 114 98 54 
2 251 109 63 23 0 116 107 53 
2 269 111 58 23 1 115 118 51 
2 264 107 72 28 0 107 131 65  
2 295 105 55 34 3 117 138 52 
2 305 108 44 27 7 120 142 51 
2 312 109 39 28 19 116 138 58 
2 326 106 25 31 2 116 166 53 
1 7 117 180 56 
1 19 119 180 55 
1 31 123 182 51 
1 39 119 194 54 
1 51 120 193 52 
2 209 121 54 26 61 120 175 58 
2 225 120 54 28 78 117 171 62 
3 242 119 53 31 82 115 181 66 1 177 13 16 
3 0 179 19 24 256 123 55 26 97 117 176 61 
3 266 120 63 30 101 123 187 56 0 174 31 30 
3 289 119 56 34 117 120 181 63 0 171 40 36 
3 295 123 55 31 128 121 182 61 0 174 50 31 
3 307 123 43 31 139 121 184 61 0 173 65 32 
3 149 119 184 68 338 123 12 31 2 177 75 27 
2 159 121 189 63 6 179 84 26 
2 14 177 88 29 164 118 184 71 
2 177 125 172 62 24 174 88 32 
2 35 176 90 32 190 118 159 63 
2 198 118 152 66 48 175 81 36 
2 212 115 137 69 56 175 85 34 
2 224 118 125 65 69 176 85 35 
2 237 114 112 67 81 172 81 41 
3 88 179 88 33 336 51 12 19 246 116 103 67 
3 328 53 20 16 256 120 94 60 105 180 82 30 
3 116 178 82 34 264 116 85 69 321 47 29 22 
 3 323 44 26 26 276 120 73 59 130 175 82 40 
3 136 176 87 39 289 141 61 43 314 40 36 31 
3 152 179 81 35 299 146 50 36 307 38 42 31 
3 162 179 84 37 306 146 44 32 303 39 46 33 
3 292 34 58 39 324 151 25 25 174 182 84 34 
3 275 38 70 33 182 182 88 33 335 148 16 27 
3 269 37 67 36 192 185 90 33 341 45 9 15 
4 1 103 10 19 204 180 92 38 261 36 65 35 334 45 17 16 
4 0 102 22 21 219 183 86 34 252 35 65 32 326 44 23 16 
4 228 186 93 34 1 102 36 23 245 38 65 28 319 45 30 19 
 4 242 183 90 39 2 103 51 23 226 35 72 37 307 49 37 13 
4 218 36 73 34 295 44 41 18 249 187 97 37 0 101 67 28 
4 208 34 77 36 286 40 43 25 262 184 88 39 5 101 71 29 
4 19 103 74 24 279 183 70 39 207 35 64 33 276 43 46 18 
4 287 183 62 40 30 105 73 23 189 34 78 33 267 48 44 15 
4 182 36 75 33 258 44 40 19 43 104 74 25 301 184 50 40 
4 309 187 40 33 55 105 71 27 178 33 73 35 250 44 40 16 
4 237 42 44 19 167 38 73 30 67 105 72 24 321 190 30 31 
4 335 192 15 25 78 105 75 24 161 33 69 36 229 43 39 19 
3 91 103 72 29 148 29 75 40 223 35 39 30 
3 143 35 71 31 212 41 39 17 98 115 87 14 
3 119 107 74 25 131 32 72 34 202 38 42 21 
3 125 32 69 34 193 42 38 18 131 107 76 26 
3 144 107 75 26 117 34 69 32 183 42 42 16 
3 110 35 68 29 177 41 37 18 156 108 81 27 
3 100 31 68 34 169 42 40 16 171 107 78 26 
 3 186 107 76 28 94 35 67 30 161 42 33 16 
3 82 31 72 34 153 39 35 18 201 110 72 24 
3 210 110 80 24 78 34 65 30 142 41 34 18 
3 68 31 67 34 136 38 30 20 227 111 69 25 
3 239 112 78 23 64 33 66 30 130 39 31 19 
3 53 33 64 31 116 41 35 15 256 113 74 23 
3 46 33 68 31 110 36 35 20 265 112 78 24 
3 283 112 66 26 38 32 63 32 101 39 36 19 
4 30 30 65 31 95 39 25 17 0 166 14 22 291 112 58 28 
5 307 109 44 31 0 156 24 36 23 31 62 31 86 40 28 15 343 43 7 8 
5 324 111 26 26 0 160 42 31 14 33 64 30 78 41 29 14 335 40 15 12 
5 8 31 58 32 71 37 30 16 0 160 54 31 328 36 21 16 338 122 11 15 
4 6 30 55 31 64 36 26 18 319 35 31 17 3 161 61 29 
 4 1 29 54 35 53 40 26 14 7 160 70 32 317 34 35 20 
4 307 36 44 17 15 162 76 32 1 30 44 30 46 39 29 14 
4 37 27 30 35 37 36 27 19 299 32 43 21 33 165 72 27 
4 45 164 69 29 0 27 30 34 31 34 25 20 285 34 48 18 
4 0 27 21 35 21 40 25 14 278 36 51 17 57 165 69 30 
4 0 26 15 33 15 37 23 15 271 34 50 18 70 165 74 30 
4 0 28 7 31 7 33 26 18 262 35 50 17 82 166 74 34 
3 0 32 25 24 255 32 47 21 94 164 74 34 
4 109 165 69 35 1 36 14 15 247 35 47 17 337 56 12 14 
3 240 33 48 22 330 55 20 17 120 166 74 40 
3 133 166 77 34 231 34 50 17 319 49 31 27 
3 220 34 49 20 306 54 44 16 142 171 81 30 
3 217 34 48 19 299 49 48 23 157 172 80 29 
3 171 169 75 32 208 34 48 17 293 50 50 19 
3 202 32 44 18 283 49 45 20 183 173 80 27 
3 194 32 46 18 272 50 49 17 198 172 74 32 
3 186 35 44 15 260 49 54 19 212 172 76 32 
3 175 35 46 14 254 52 49 16 223 174 80 30 
3 171 33 47 16 242 51 50 16 238 175 80 32 
3 161 33 44 17 232 50 53 18 248 175 81 31 
3 153 34 46 16 224 51 51 16 264 181 78 25 
3 145 32 47 16 217 49 48 19 271 177 79 33 
3 139 32 45 17 205 48 50 20 290 175 59 34 
3 130 30 49 20 196 51 47 16 305 173 46 36 
3 123 31 48 17 186 48 50 19 318 167 32 41 
3 329 183 21 22 178 50 49 18 118 30 45 17 
4 344 190 5 12 1 159 9 23 112 33 37 14 169 47 46 19 
3 102 32 47 16 159 51 50 13 0 155 23 35 
3 92 30 46 19 154 48 43 19 0 158 43 34 
3 88 29 47 20 143 47 49 20 0 156 50 34 
3 84 29 38 19 135 48 40 18 0 157 62 35 
3 73 30 42 17 123 44 50 22 0 155 79 37 
3 66 27 44 20 117 47 44 19 5 159 88 32 
3 61 28 40 18 109 46 46 20 10 162 95 29 
3 51 30 41 17 101 45 46 22 24 161 96 32 
3 43 30 44 16 89 46 46 18 44 160 88 34 
3 39 32 42 14 82 47 44 18 52 161 93 33 
3 28 28 42 18 74 45 45 19 64 163 98 32 
3 22 30 45 17 69 48 33 15 78 165 92 30 
3 14 28 44 17 54 47 41 15 92 165 94 31 
3 5 26 43 20 48 46 40 18 103 162 96 35 
3 3 26 41 19 37 46 44 16 118 163 92 35 
3 0 29 35 14 26 45 47 17 126 165 98 36 
3 4 30 26 14 24 44 35 16 142 167 100 33 
3 0 29 20 12 13 45 44 19 157 174 93 25 
2 3 45 44 18 166 163 103 48 
3 0 42 38 21 183 168 100 36 0 31 6 9 
2 194 169 105 39 0 43 35 20 
3 0 41 25 20 3 143 16 24 214 171 98 33 
3 0 43 16 18 1 140 33 29 228 175 100 29 
3 0 47 5 9 0 144 41 24 235 174 107 31 
2 1 141 54 29 253 170 97 39 
2 1 137 65 32 267 167 83 43 
2 7 141 68 27 280 171 70 38 
2 15 142 66 29 296 175 53 33 
2 310 172 41 36 25 140 70 33 
2 39 142 73 30 318 179 32 29 
2 49 144 69 28 337 181 14 26 
1 53 149 78 24 
1 67 146 73 27 
1 80 142 73 35 
1 86 146 75 29 
1 97 146 75 30 
1 111 145 72 32 
1 123 143 75 32 
1 131 143 78 35 
2 338 53 12 18 145 148 74 34 
2 330 52 19 18 156 147 75 31 
2 314 50 36 22 167 142 75 42 
2 311 48 39 23 180 148 76 32 
3 304 47 44 26 185 148 78 33 2 178 33 35 
3 288 48 54 25 202 151 77 32 0 178 38 36 
3 281 52 51 20 214 149 76 35 2 180 54 35 
3 269 49 54 22 221 152 80 31 2 176 59 39 
3 264 50 51 20 238 151 77 32 0 181 73 35 
3 250 51 55 19 243 150 83 34 2 176 80 40 
3 245 45 49 28 255 148 87 41 5 181 87 36 
3 231 46 54 26 271 152 76 38 13 182 90 33 
3 220 46 52 28 284 150 64 38 22 181 95 37 
3 218 44 48 28 295 153 53 31 32 185 86 33 
3 197 46 60 25 305 152 44 35 48 177 80 44 
3 199 47 47 22 51 178 96 38 323 152 26 29 
3 190 47 46 24 330 155 18 28 62 181 87 36 
3 177 49 49 20 72 184 91 34 343 166 6 17 
2 170 49 47 19 82 180 87 40 
2 161 48 47 19 92 183 89 39 
2 157 48 39 22 106 179 88 41 
2 140 48 51 18 114 182 87 40 
3 131 48 51 18 120 181 95 41 344 69 6 11 
3 121 49 49 19 135 185 91 36 335 65 15 17 
4 114 49 47 19 146 185 90 38 326 65 23 16 0 140 18 20 
4 152 186 97 43 106 48 50 22 313 61 37 22 0 137 25 30 
4 101 48 44 18 170 182 85 40 306 59 43 25 3 135 36 29 
4 92 46 42 21 178 179 90 45 294 63 53 19 1 133 50 30 
4 84 47 42 20 286 62 49 18 188 185 96 37 0 134 62 30 
4 274 60 50 24 75 45 42 20 6 134 67 30 195 187 97 39 
4 67 45 43 19 268 56 45 22 8 134 74 31 202 181 104 46 
4 57 45 42 23 250 58 52 23 18 136 75 31 211 182 103 46 
4 45 44 47 23 241 60 51 21 27 137 72 31 231 186 96 40 
4 40 46 42 19 229 62 53 17 44 134 66 32 243 191 94 33 
4 29 45 46 21 218 60 54 21 49 138 74 30 254 187 96 45 
4 23 44 42 27 213 63 49 18 62 137 75 36 263 189 86 42 
4 11 42 45 23 199 59 51 18 77 138 68 33 266 182 83 44 
4 7 45 46 18 191 59 50 20 80 140 76 32 284 186 67 40 
4 0 43 42 22 181 59 55 19 93 137 74 33 293 188 56 38 
4 0 45 33 16 173 61 54 17 101 142 76 30 308 188 42 35 
4 0 44 26 17 165 58 51 21 113 142 78 29 318 189 32 36 
4 0 38 20 25 152 58 54 18 130 145 77 27 328 194 21 29 
3 142 56 51 22 134 141 82 29 338 200 11 20 
3 133 54 47 24 147 142 79 31 0 115 27 28 
3 123 57 50 21 157 143 83 29 0 114 39 29 
3 115 60 51 16 1 119 47 23 168 145 84 28 
3 103 57 48 19 2 121 65 19 179 146 87 27 
3 93 58 51 18 16 114 63 27 187 147 83 25 
3 85 57 48 15 29 122 65 19 204 146 80 28 
4 73 56 48 20 46 118 60 31 220 144 77 36 1 101 30 22 
 4 67 57 44 19 1 101 44 24 58 120 61 24 225 146 82 34 
4 56 54 49 21 3 102 50 24 70 120 68 25 237 148 85 29 
 4 46 55 49 19 9 103 61 21 84 124 67 23 251 150 78 28 
4 39 55 45 21 20 105 60 19 101 124 64 22 263 152 82 25 
4 28 56 48 18 33 103 60 22 112 124 69 22 274 147 76 33 
4 17 50 48 26 47 103 59 22 127 125 67 23 285 146 65 34 
4 12 55 44 20 59 105 59 22 142 126 67 21 300 146 50 33 
4 1 54 47 20 72 104 59 23 156 125 66 25 301 144 49 37 
4 0 54 38 20 84 107 60 20 170 126 69 24 324 149 26 30 
4 2 54 28 18 97 107 62 22 181 129 74 20 335 161 14 20 
4 1 53 22 18 107 108 65 18 199 129 70 22 345 164 5 10 
3 217 129 69 23 121 108 64 21 0 52 15 17 
2 133 109 66 21 227 130 78 21 
2 146 110 69 21 245 130 70 24 
2 163 109 61 22 256 133 78 21 
2 172 110 68 22 273 131 76 29 
2 185 111 65 25 293 129 56 27 
2 200 111 66 21 307 131 42 24 
2 208 110 69 24 325 136 26 22 
2 227 113 66 22 337 137 12 17 
1 238 112 67 26 
1 256 112 66 22 
1 267 113 69 27 
1 277 114 72 23 
1 293 113 57 26 
1 308 114 42 22 
2 323 111 25 29 336 63 13 18 
1 323 62 26 20 
1 310 55 39 27
2 306 59 43 22 3 138 22 27 
3 288 59 59 21 40 131 60 36 0 104 15 18 
3 1 101 29 23 0 134 45 32 281 62 54 20 
3 267 64 57 18 0 100 44 25 0 139 57 27 
3 261 62 52 21 3 103 54 23 1 135 66 33 
3 247 59 54 24 12 105 58 19 2 135 77 33 
3 237 58 53 25 23 104 57 21 5 135 85 33 
3 226 55 57 24 34 103 56 23 16 136 87 32 
3 213 57 57 22 47 102 58 24 26 139 88 29 
3 200 57 59 20 59 104 59 23 37 137 88 31 
3 192 57 58 22 70 106 61 23 47 142 90 28 
3 181 58 55 21 88 105 53 26 58 139 85 31 
3 169 53 59 24 101 102 53 29 73 141 81 32 
3 163 56 52 24 110 106 60 22 77 141 87 32 
3 150 54 53 27 122 107 63 24 87 140 91 34 
3 135 58 56 18 135 109 62 24 101 140 84 33 
3 127 55 55 19 146 107 64 24 110 140 92 38 
3 119 54 52 22 160 108 65 24 119 142 91 35 
3 103 54 55 24 174 108 61 27 128 143 92 36 
4 97 56 53 20 189 111 62 25 143 143 92 34 0 117 14 23 
4 86 53 52 22 200 113 64 21 153 145 93 29 1 117 28 26 
4 76 52 52 26 214 112 63 25 164 145 94 31 0 115 39 27 
4 70 51 49 24 227 110 64 23 176 144 97 32 0 118 54 25 
4 54 53 56 24 240 112 68 22 185 144 98 34 0 118 66 26 
4 48 52 52 25 1 117 78 29 253 113 67 22 196 146 99 31 
4 39 52 51 23 10 121 81 26 268 111 67 25 207 145 103 32 
4 25 51 55 22 24 120 78 26 282 111 64 25 218 149 99 29 
4 14 50 54 22 34 120 79 24 228 150 100 32 296 112 54 27 
3 310 113 41 26 7 52 51 24 49 121 80 25 
4 321 110 29 29 254 145 100 41 59 121 85 26 1 49 53 29 
5 336 36 12 17 333 121 17 13 269 148 81 37 75 120 72 28 1 50 39 23 
4 1 46 21 26 86 120 76 30 321 36 28 14 280 148 71 35 
4 287 148 64 35 99 123 80 25 0 49 18 23 321 33 29 17 
4 0 49 10 21 109 123 79 28 309 34 42 16 301 153 50 29 
3 300 33 45 18 127 124 74 26 309 152 41 31 
3 292 33 43 17 134 125 82 27 326 155 24 29 
3 286 30 43 24 152 128 77 23 337 157 13 25 
1 160 124 81 29 
2 332 55 18 15 180 122 76 34 
4 261 32 47 18 320 51 30 20 192 125 77 27 0 132 16 28 
4 258 34 43 14 308 54 43 15 204 128 79 27 0 129 24 34 
5 250 32 37 17 302 53 47 20 214 125 83 32 0 128 40 34 0 165 17 27 
5 49 132 65486 25 0 163 26 24 234 127 77 30 240 33 40 18 291 52 51 19 
5 227 32 44 19 282 50 46 24 239 126 85 33 0 130 60 32 0 163 40 29 
5 221 30 42 20 269 55 41 18 251 131 93 30 0 130 80 32 0 162 51 35 
5 217 32 38 17 256 52 47 18 269 130 80 26 2 133 80 30 2 162 59 32 
5 208 28 42 19 248 51 46 18 284 129 66 30 4 133 92 30 9 165 68 30 
5 196 30 43 19 230 52 57 19 292 127 57 29 0 135 106 28 25 166 67 28 
5 189 30 42 18 218 51 55 17 310 130 41 27 0 135 124 31 31 167 68 28 
5 183 33 39 14 209 49 52 20 321 133 29 26 1 137 133 27 38 166 77 31 
6 173 31 42 16 197 52 52 16 339 138 12 21 13 134 137 31 50 166 78 32 1 109 16 17 
5 168 31 42 17 183 51 54 16 25 137 133 33 72 168 75 30 0 100 27 28 
5 158 31 40 16 175 52 52 14 38 135 137 30 76 166 91 30 1 101 39 24 
5 152 29 44 18 164 51 53 16 47 136 137 33 86 170 81 28 1 101 52 27 
5 140 29 48 15 152 48 52 18 3 106 65 20 55 138 142 29 98 168 85 28 
5 137 28 43 18 141 51 54 15 14 106 67 20 68 136 143 29 115 167 77 34 
5 131 28 43 17 131 50 49 17 26 105 66 21 81 136 138 30 123 168 83 32 
5 117 30 46 15 122 50 50 15 41 106 65 21 92 136 138 33 134 170 85 28 
5 116 26 41 19 108 49 51 16 53 105 66 23 108 138 132 33 149 169 84 33 
5 107 29 44 15 97 47 50 17 64 107 72 22 115 139 144 30 163 170 89 31 
5 101 26 44 17 92 46 50 18 75 108 74 20 128 136 142 37 174 169 91 35 
5 93 23 42 21 78 47 48 17 94 108 66 21 143 136 141 36 187 173 91 30 
5 89 27 39 16 67 49 52 15 107 106 67 25 153 138 138 32 197 173 87 31 
6 78 23 44 22 57 47 49 16 122 109 67 21 167 142 135 28 214 175 88 29 0 180 12 21 
6 70 21 42 24 47 43 48 22 135 107 68 27 177 138 143 40 223 173 90 38 0 175 28 33  
6 64 22 47 23 35 48 50 18 139 114 86 20 187 140 144 38 238 174 92 33 0 172 38 34 
6 58 26 40 17 26 47 45 17 162 112 66 19 199 143 141 34 252 177 88 32 0 174 42 30 
6 51 22 40 21 20 47 47 16 0 175 55 28 175 110 70 24 213 141 136 36 265 179 85 31 
6 45 23 38 21 9 48 45 15 0 174 63 31 191 111 73 22 227 142 123 35 279 176 71 34 
6 40 20 38 22 2 46 42 18 2 173 72 34 204 109 72 26 240 143 111 31 291 181 59 28 
6 34 26 36 16 30 46 30 15 5 183 83 21 215 110 75 24 256 143 95 32 306 179 45 29 
7 27 22 37 22 0 42 19 25 0 121 13 28 17 176 80 30 228 114 77 22 262 141 87 39 321 181 29 30
9 19 27 36 13 2 45 9 12 339 44 11 16 338 66 11 15 248 115 67 20 1 121 26 22 30 177 72 26 282 143 69 32 333 188 16 19 
7 13 23 37 19 325 44 23 14 323 66 26 16 263 117 68 18 0 121 42 26 38 177 72 31 295 144 55 35 
7 5 23 34 19 321 43 29 19 310 65 41 16 274 116 73 21 295 153 55 30 48 185 82 20 2 124 54 22 
7 10 124 62 21 1 18 36 27 61 178 73 29 294 112 56 30 312 156 38 26 304 42 46 18 302 62 47 19 
7 289 43 54 20 283 66 60 16 0 24 25 17 21 124 60 22 70 179 76 30 309 112 40 29 329 153 21 26 
6 283 39 57 23 274 62 60 20 33 126 65 21 71 174 84 37 316 110 34 30 1 24 24 20 
5 275 42 54 18 266 66 54 15 337 122 14 17 49 127 62 21 87 181 78 27 
4 264 43 58 18 253 65 56 15 65 133 59 12 104 184 68 24 
4 255 42 54 16 245 61 53 20 75 129 68 19 108 178 79 29 
4 243 38 59 22 232 62 55 20 88 129 64 20 118 179 82 29 
4 228 40 63 19 223 60 54 19 102 126 66 25 128 179 83 27 
4 218 41 63 21 211 61 57 20 117 129 64 23 138 182 81 27 
4 211 40 58 20 197 63 57 16 131 131 63 20 149 180 81 30 
4 201 37 60 24 191 61 54 18 143 130 68 23 159 180 85 27 
4 189 40 62 21 180 61 53 18 156 132 70 20 170 178 84 31 
4 183 39 58 21 167 62 55 16 176 132 65 22 180 183 81 27 
4 171 40 59 20 157 59 57 20 189 132 64 22 190 183 84 27 
4 163 40 60 21 149 62 54 18 203 132 65 26 202 183 83 26 
4 151 39 61 20 136 59 55 20 216 133 69 22 214 185 82 27 
4 144 38 56 21 129 61 52 19 231 134 70 23 223 184 84 29 
4 135 37 56 20 116 58 55 18 245 134 72 22 233 185 84 25 
4 124 38 57 19 105 59 59 17 259 137 72 20 244 185 87 24 
4 116 37 57 22 97 59 59 17 276 138 67 19 252 186 88 25 
4 105 39 55 20 88 59 53 16 294 135 56 25 262 187 88 28 
4 101 36 51 21 79 59 54 18 308 138 42 21 277 184 72 29 
4 92 38 54 19 68 58 52 16 318 137 35 26 285 186 65 30 
4 80 37 55 20 61 59 51 16 0 178 14 25 296 183 55 34 
4 71 37 58 20 50 57 49 21 1 173 27 33 312 184 37 31 
4 62 34 56 23 43 56 47 16 0 175 45 28 318 186 32 27 
4 54 36 52 20 28 55 55 20 0 176 54 33 328 188 23 29  
3 47 36 51 21 25 57 49 18 2 179 61 28 
3 36 35 55 21 14 56 47 17 1 178 72 30 
3 29 36 53 22 6 56 44 17 11 176 78 31 
3 18 35 56 20 1 55 43 17 18 177 81 33 
3 11 36 53 18 2 57 29 14 31 178 79 31 
3 1 34 52 20 1 57 20 16 42 182 81 24 
3 2 33 44 22 0 57 14 12 52 179 81 31 
2 4 34 34 21 67 180 80 31 
2 1 33 24 22 77 183 82 25 
2 1 35 15 21 87 180 83 29 
2 1 31 11 24 100 181 80 32 
1 111 183 80 29 
1 120 183 86 28 
1 132 183 82 32 
1 144 182 83 31 
1 154 183 91 33 
1 163 185 91 28 
1 178 184 93 30 
1 194 183 85 32 
3 1 158 15 33 2 101 12 20 204 183 85 32 
3 215 185 89 31 0 151 18 41 0 98 32 26 
3 1 103 45 22 0 151 36 41 228 188 88 26 
3 3 105 56 21 0 151 50 41 241 185 89 31 
3 11 104 59 21 0 153 63 39 254 187 85 31 
3 25 106 57 22 0 151 67 44 263 188 86 33 
3 34 107 60 19 0 152 81 41 279 187 71 35 
3 47 103 63 23 3 151 87 45 287 185 62 40 
3 63 104 61 26 2 150 99 45 296 186 54 34 
3 77 107 57 21 6 156 107 36 314 183 36 35 
3 87 108 63 21 15 156 108 39 329 185 21 28 
2 103 105 60 23 24 157 118 40 
2 116 109 63 19 37 158 104 41 
2 130 108 64 23 45 155 108 42 
2 145 111 62 18 58 155 108 43 
2 156 112 65 17 65 155 109 41 
2 173 113 60 20 78 159 107 42 
2 186 112 60 18 85 160 111 41 
2 201 112 60 22 97 158 108 43 
2 213 113 64 21 107 161 110 42 
2 228 112 67 21 116 159 118 42 
3 242 114 66 20 127 161 113 43 0 135 18 27 
3 255 114 67 22 139 158 112 46 1 129 23 40 
3 272 114 66 22 147 164 115 39 0 132 40 33 
3 282 111 67 29 155 160 121 49 0 131 52 36 
3 297 113 53 26 172 164 119 42 2 134 63 31 
3 313 114 37 22 179 164 121 44 1 133 80 31 
3 329 120 21 17 192 165 119 42 2 134 87 32 
2 200 168 122 38 13 133 86 32 
2 214 165 122 44 25 136 86 31 
2 229 163 118 51 35 138 90 29 
2 234 161 116 53 48 141 89 25 
2 243 160 108 52 60 136 92 35 
2 258 163 92 49 69 140 93 28 
3 265 162 84 47 77 140 100 30 79 170 2 1 
2 278 165 72 49 95 141 99 32 
2 291 165 58 51 108 144 92 28 
3 299 168 50 43 121 143 90 28 0 115 17 25 
4 320 184 30 25 133 143 90 27 1 115 31 23 2 145 9 15 
4 1 119 41 20 0 143 21 23 145 144 89 30 328 187 22 19 
4 158 145 91 27 339 187 11 17 1 119 59 22 0 143 33 22 
 3 167 140 97 39 0 117 80 23 0 143 50 26  
3 182 143 92 32 14 119 73 20 0 143 62 23 
3 190 138 99 41 25 115 75 26 1 142 78 24
4 211 141 87 35 38 119 72 23 12 142 72 24 0 165 12 18 
4 222 145 94 31 52 118 71 24 26 144 70 23 0 161 24 25 
4 232 147 100 33 65 119 73 23 38 145 73 24 0 162 33 26 
5 243 144 100 38 77 120 77 23 48 144 80 25 0 161 44 26 1 102 15 21 
5 254 141 96 46 86 120 77 27 58 145 86 29 1 159 62 31 0 96 33 30 
7 344 58 5 13 273 144 77 37 102 120 78 23 75 142 73 30 0 157 67 31 0 102 39 23 2 126 9 15 
7 2 98 56 26 1 120 26 26 115 118 87 29 81 144 89 31 4 157 79 37 276 139 73 47 324 51 26 23 
7 312 49 38 25 290 143 60 39 130 122 76 27 95 145 82 31 16 157 77 37 5 99 65 26 1 114 39 29 
7 303 48 48 25 311 142 38 49 141 116 81 32 107 140 83 38 20 156 87 39 1 117 50 28 13 98 68 28 
8 298 54 53 13 324 67 26 16 325 158 24 21 156 124 78 25 122 146 78 32 35 161 75 30 23 101 74 24 2 122 60 20 
8 289 51 58 18 310 63 40 18 337 161 13 18 169 123 82 26 132 148 81 28 46 162 76 32 14 123 56 21 38 106 73 21 
7 280 50 54 17 303 63 47 18 183 127 84 21 143 150 83 24 51 164 83 28 24 122 62 23 51 105 68 22 
7 271 52 54 13 298 61 48 19 194 129 80 20 155 151 86 27 61 165 82 28 65 107 68 20 37 126 64 18 
7 259 51 60 13 281 62 57 21 210 126 80 23 168 150 84 25 71 165 84 29 50 122 59 23 73 104 72 24 
7 247 53 64 16 271 61 57 19 225 129 82 22 181 152 87 25 84 165 78 27 61 126 62 20 90 105 71 24 
7 241 53 56 15 261 62 60 18 241 128 78 25 196 152 86 27 93 166 87 28 74 126 63 22 102 107 74 22 
7 232 52 58 19 254 65 51 16 255 130 81 22 207 153 86 25 102 166 86 30 85 128 64 19 118 109 67 22 
7 269 129 81 30 217 155 85 23 110 166 86 30 222 48 58 19 239 62 58 19 125 106 72 24 101 128 63 23 
7 214 50 57 19 230 62 59 18 282 129 67 28 236 156 85 24 124 167 84 28 111 126 62 22 144 110 71 22 
7 202 51 59 16 221 63 57 16 295 129 56 26 245 156 89 24 134 168 85 30 122 129 69 20 157 110 71 22 
7 196 52 56 16 208 62 60 17 174 109 69 19 140 132 64 17 143 167 89 29 259 155 89 28 314 129 36 27 
 7 184 49 58 18 200 61 61 17 185 111 72 20 146 131 72 20 155 168 88 30 273 151 78 35 325 136 26 18 
6 178 48 59 18 192 61 58 20 198 114 75 18 162 132 72 19 165 169 88 30 288 151 62 34 
6 171 47 50 18 184 63 56 15 213 114 71 18 177 133 69 17 176 169 87 32 301 156 49 30 
6 162 50 53 15 174 62 57 16 228 112 76 20 189 132 69 21 186 172 86 27 320 153 31 27 
6 148 50 53 17 160 60 57 18 237 114 77 19 204 133 66 19 196 173 88 26 326 157 24 27 
6 142 49 57 19 153 59 60 19 255 112 78 23 219 131 70 23 207 170 92 31 337 166 13 18 
5 134 49 50 17 143 60 54 18 268 112 76 26 229 134 69 21 220 172 87 29 
5 126 46 48 19 135 60 51 17 284 114 66 24 242 133 75 23 228 171 89 32 
6 116 47 52 20 124 60 56 18 302 113 49 26 258 133 72 23 240 175 92 27 17 120 88 27 
6 109 47 52 17 114 61 57 16 38 121 50 23 314 112 36 24 276 135 67 26 252 174 88 32 
6 100 45 53 19 106 59 56 15 0 118 41 28 331 115 19 20 292 131 58 27 265 172 85 35 
6 94 47 53 17 94 61 58 14 0 121 57 25 336 38 14 16 303 133 46 27 278 171 71 38 
6 81 46 53 19 84 59 58 18 325 39 24 13 3 122 71 27 314 132 37 26 283 173 67 32 
7 322 34 28 21 75 44 50 15 79 58 52 16 18 125 63 20 1 174 18 29 331 137 19 20 296 171 54 37 
6 310 39 40 14 64 49 54 15 66 59 57 15 26 125 70 21 0 173 22 32 305 172 45 32 
6 303 37 43 18 54 47 54 17 59 57 52 16 41 123 66 24 0 172 35 33 321 176 29 30 
6 298 39 41 17 54 49 50 11 50 59 53 16 58 127 62 22 44 177 35 29 333 183 12 19 
6 284 36 48 22 37 45 58 20 42 56 54 17 66 124 68 26 0 173 62 34 338 186 11 17 
5 281 38 45 14 29 48 57 14 32 59 52 16 78 129 67 21 0 173 71 34 
 5 274 37 43 14 20 43 57 19 23 59 55 16 93 127 67 21 0 174 77 35 
5 260 38 51 15 14 45 52 17 14 60 53 16 102 128 67 21 1 176 91 32 
5 258 39 45 12 6 45 52 18 7 57 51 17 113 128 72 22 12 173 92 35 
5 251 35 44 17 1 46 46 17 0 57 46 16 128 130 70 22 21 175 94 35 
5 246 36 45 15 0 43 41 19 1 58 33 14 140 129 72 24 34 180 92 27 
5 239 36 39 17 32 43 30 16 2 57 29 14 154 129 69 26 45 176 91 31 
5 230 36 40 17 1 46 24 11 1 55 19 17 167 129 71 22 54 174 94 38 
3 223 37 41 12 179 132 67 21 66 179 98 29 
3 216 34 41 18 191 132 76 22 79 176 91 36 
3 205 34 47 18 205 128 74 28 89 177 93 37 
3 200 37 43 13 219 132 73 23 98 177 97 38 
3 193 35 40 15 232 132 74 25 107 180 98 32 
3 187 35 40 16 246 134 75 21 121 182 95 30 
3 177 36 42 14 257 136 76 19 130 183 97 31 
3 172 35 42 15 271 136 75 25 143 184 97 28 
3 163 37 46 12 283 134 67 30 154 178 99 37 
3 155 34 44 17 303 136 48 24 164 180 104 35 
3 149 33 42 17 178 181 99 35 316 134 34 27 
3 144 33 40 16 188 183 98 35 328 138 22 20 
2 139 34 37 16 198 184 99 36 
2 210 184 107 39 131 34 44 15 
3 124 39 39 9 221 184 104 37 0 109 19 25 
3 237 185 98 33 115 31 40 19 0 107 29 31 
3 246 183 101 42 110 34 39 16 0 107 46 29 
3 260 186 89 37 103 33 43 16 0 110 62 27 
3 268 183 82 40 94 33 41 17 2 109 68 30 
3 279 184 71 37 88 32 45 16 13 111 75 28 
3 290 184 61 36 81 33 43 14 23 110 79 32 
5 306 189 45 33 37 109 75 30 74 33 41 14 336 33 16 18 335 50 16 17 
5 68 33 39 15 47 113 80 28 314 189 37 36 327 36 23 11 328 46 20 15 
5 64 34 37 13 61 110 78 31 327 198 22 22 320 35 29 15 318 51 31 13 
4 54 34 36 14 75 114 78 29 315 37 34 13 316 48 34 15 
4 89 114 78 26 49 34 34 10 303 35 47 14 302 48 48 13 
4 105 112 77 30 41 33 37 13 298 35 45 13 296 46 48 15 
5 116 110 80 31 36 32 36 17 287 33 50 14 285 49 50 16 1 151 25 43 
5 280 36 48 13 279 49 49 18 25 33 38 14 133 114 78 26 2 150 31 47 
5 20 27 43 22 276 33 48 16 272 47 49 18 144 115 81 26 1 150 46 44 
5 14 31 41 16 266 36 47 13 264 47 54 13 158 116 82 27 0 152 54 42 
5 8 30 41 17 258 30 50 20 255 48 53 12 171 115 85 28 2 150 66 44 
5 253 31 48 19 245 46 55 16 3 33 37 14 186 118 84 24 2 152 79 41 
5 0 153 91 41 1 33 33 14 244 33 47 12 239 46 52 14 199 116 84 27 
5 1 25 29 20 1 150 97 53 233 32 52 17 229 50 55 12 211 118 85 25 
5 0 29 22 14 228 33 45 16 224 48 47 12 225 118 91 27 0 152 110 44 
4 223 28 43 19 215 48 51 13 240 116 87 31 1 153 119 45 
4 215 34 47 14 207 47 49 13 256 117 84 32 1 153 133 44 
4 207 32 47 13 200 47 46 14 272 115 77 32 0 153 148 44 
4 203 29 45 17 190 48 54 10 289 118 60 29 1 154 157 43 
4 194 31 44 14 185 46 50 13 302 113 47 37 2 156 161 42 
4 189 31 43 16 178 44 49 15 315 118 35 31 6 155 171 40 
4 179 33 44 13 168 45 50 14 18 159 175 41 326 127 24 23 
3 170 28 49 18 164 43 44 17 26 161 177 41 
4 161 29 49 16 153 44 50 13 37 156 171 45 322 66 28 13 
4 158 30 43 17 145 46 55 13 48 160 180 40 315 58 35 27 
4 150 28 47 17 138 42 53 15 61 157 179 47 307 59 45 23 
4 142 30 50 14 132 49 51 10 71 160 177 45 293 67 52 14 
5 133 32 53 15 127 45 47 13 80 159 185 45 282 63 51 18 334 34 16 17 
5 132 27 42 18 117 43 53 16 92 159 183 51 269 60 55 19 332 30 17 21 
5 124 30 43 16 112 45 42 11 108 162 175 48 261 65 53 14 323 30 28 21 
5 116 24 43 25 105 45 41 16 252 63 55 17 111 165 186 46 316 29 33 23 
5 111 31 42 15 95 45 48 14 240 64 53 17 307 29 43 24 131 161 176 50 
5 104 29 46 17 89 45 47 13 229 62 52 17 307 29 42 25 157 161 162 50 
5 145 162 192 51 95 29 47 16 81 42 51 16 219 61 52 15 294 28 51 23 
5 285 31 56 20 212 61 50 16 90 30 42 15 77 42 41 15 165 166 181 48 
5 81 31 46 15 69 44 43 13 199 61 53 17 279 29 50 20 176 159 174 56 
6 77 32 45 13 56 42 54 14 189 60 55 16 265 30 59 19 186 161 165 60 0 165 15 27 
6 68 28 49 17 55 44 39 12 180 62 51 15 259 29 57 21 201 161 149 53 1 164 28 32 
6 63 30 39 13 46 43 47 12 169 61 52 18 254 30 53 20 208 164 143 52 35 163 28 31 
6 55 25 43 21 38 38 52 18 160 61 51 16 243 25 61 23 219 164 132 51 0 166 45 30 
6 230 163 121 53 1 165 53 30 48 28 45 14 33 42 46 12 151 62 48 14 237 27 60 20 
6 233 28 54 20 244 167 106 47 2 168 59 29 41 28 42 16 24 42 49 13 139 59 53 19 
6 227 28 56 20 130 60 47 19 37 26 40 17 21 40 49 16 9 166 67 31 254 172 97 38 
6 220 28 51 22 120 56 49 21 27 28 44 16 11 41 44 14 18 173 66 24 263 173 87 38 
 6 213 28 53 21 110 55 41 20 22 27 47 17 3 40 42 15 29 167 67 31 276 177 75 35 
6 205 26 57 26 98 56 51 20 17 26 41 16 1 40 40 14 36 174 64 22 290 170 60 43 
6 203 27 50 19 89 55 42 20 7 32 44 12 34 40 40 12 50 170 69 26 304 175 47 38 
6 198 23 49 24 79 53 50 23 2 27 44 16 0 40 26 11 61 171 66 26 309 178 41 37 
6 186 28 54 18 70 57 49 17 0 30 35 14 23 41 26 12 67 172 68 24 325 186 25 27 
4 178 25 56 22 60 57 44 18 0 29 26 14 81 171 62 29 
4 1 25 25 19 51 58 44 18 170 27 53 20 85 171 72 29 
3 163 26 54 21 42 58 49 15 95 173 70 25 
4 324 60 27 20 162 25 47 20 32 56 46 15 105 172 68 27 
4 21 58 49 15 150 24 53 23 312 59 38 24 111 172 75 33 
4 123 171 67 29 12 53 48 21 141 22 59 22 302 56 48 29 
4 133 174 68 27 134 23 57 25 6 55 50 15 285 65 59 16 
4 142 174 71 27 133 24 50 20 1 54 39 22 279 63 55 22 
4 268 64 58 16 126 25 57 23 2 57 29 15 152 173 71 28 
5 0 56 20 17 117 24 51 21 260 62 53 18 165 175 66 27 1 183 24 26 
4 108 27 54 19 250 63 52 18 176 178 66 24 0 179 37 30 
4 106 23 52 22 239 62 51 19 182 178 69 24 0 179 43 31 
4 98 21 51 24 230 60 48 19 195 177 69 27 54 179 43 30 
4 218 60 53 20 94 24 46 19 68 180 67 28 205 174 74 27 
4 206 58 55 23 87 23 50 20 1 182 79 26 215 180 73 23 
4 197 60 56 18 78 25 50 18 7 184 82 20 226 180 70 23 
4 187 59 53 17 75 22 49 20 17 183 82 28 231 183 75 23 
4 178 62 54 18 65 25 54 19 28 188 82 22 240 182 77 21 
4 167 57 55 19 59 21 53 21 37 183 81 30 254 180 72 27 
6 157 57 53 20 53 24 53 24 46 186 85 24 266 177 69 33 325 45 26 13 328 53 25 17 
6 51 20 48 24 144 60 60 14 60 183 85 31 273 179 74 29 321 44 28 12 320 52 31 17 
6 43 21 46 23 138 58 50 20 69 186 84 27 287 176 61 34 310 44 41 8 311 54 41 16 
6 39 21 46 20 129 56 52 21 81 184 79 31 295 181 53 28 304 43 47 11 302 52 52 17 
6 33 19 47 23 122 55 48 21 90 186 85 29 312 179 38 29 298 45 47 11 297 52 53 18 
5 24 22 47 21 110 59 51 17 100 184 85 30 320 176 30 34 287 44 56 26 
5 15 19 53 22 104 59 47 13 115 183 81 35 329 179 22 29 274 42 63 29 
4 9 20 54 22 84 55 57 18 124 186 83 30 267 47 57 21 
4 135 186 87 32 77 54 50 18 7 19 49 21 259 47 57 23 
4 141 184 90 34 72 60 53 14 1 18 44 24 247 49 59 19 
4 156 187 89 27 61 55 46 22 1 20 41 19 236 46 57 24 
4 168 189 83 27 52 56 47 20 38 22 41 15 230 50 59 16 
4 220 44 56 22 41 57 51 20 2 22 24 18 180 189 80 32 
4 30 50 57 24 0 20 26 20 212 45 60 24 192 190 81 29 
4 20 19 14 18 19 54 53 16 198 40 64 29 199 191 86 28 
3 207 192 93 26 14 55 52 19 190 42 68 27 
3 180 37 71 30 5 59 54 14 221 194 92 26 
3 171 41 62 30 2 56 39 17 235 192 90 28 
3 161 40 64 26 0 51 32 25 243 189 94 33 
3 158 47 58 20 23 52 32 18 253 192 93 31 
2 147 40 64 30 271 191 79 33 
2 275 193 75 28 140 41 62 24 
2 131 42 61 24 287 190 63 33 
3 121 40 65 27 303 195 46 27 1 160 17 28 
4 315 193 35 31 116 37 60 30 1 158 23 32 327 37 21 12 
5 132 39 33 14 107 50 54 15 1 163 38 28 328 198 21 25 321 39 28 13 
4 99 40 60 24 2 158 48 32 311 41 38 12 334 63 15 21 
5 116 41 35 11 87 46 59 20 59 163 48 27 303 35 44 16 322 62 29 18 
5 106 37 39 14 82 46 61 19 3 161 62 29 292 35 43 16 309 60 41 20 
5 96 42 40 9 70 47 62 17 1 162 79 29 286 37 43 14 296 63 44 16 
5 275 37 45 13 292 60 41 17 93 38 36 14 68 47 54 16 6 160 93 32 
5 79 38 41 11 56 47 58 17 268 40 39 10 278 62 42 18 18 163 87 29 
5 78 38 39 12 48 47 56 16 25 161 91 30 261 39 44 15 265 63 48 17 
5 70 40 36 10 40 47 58 18 38 163 86 30 249 38 42 14 257 63 44 18 
5 62 38 34 13 32 42 56 20 246 39 38 11 246 61 39 17 47 164 83 29 
5 234 34 46 18 233 61 45 19 58 38 28 11 25 44 56 19 60 163 80 32 
5 226 37 40 16 226 57 39 21 44 36 40 15 20 48 48 14 70 162 82 32 
6 215 36 48 15 214 59 44 16 47 40 25 12 9 40 54 24 81 169 84 24 1 179 15 20 
6 208 35 43 16 204 63 43 13 93 167 83 29 34 39 33 11 4 45 47 17 0 178 26 24 
6 201 36 43 13 199 62 38 15 22 35 38 17 3 46 40 13 95 170 92 24 1 176 35 27 
6 194 36 46 15 184 60 41 18 21 38 32 14 1 41 35 22 113 172 87 23 1 178 47 26 
6 183 35 45 16 173 59 42 18 123 169 89 29 1 177 50 28 13 39 31 10 1 43 22 20 
6 175 36 46 14 167 58 36 17 131 170 89 31 70 176 50 32 4 37 29 12 1 49 17 11 
5 171 33 39 17 155 58 41 19 144 172 87 29 6 175 68 31 0 38 28 13 
5 161 36 45 17 140 57 47 20 152 169 95 34 5 181 79 27 1 34 21 17 
4 151 32 39 18 137 57 40 17 167 170 84 35 13 178 74 29 
4 145 31 43 19 125 57 40 18 177 174 87 27 20 179 75 31 
4 134 31 46 17 113 59 43 17 192 173 82 34 30 182 72 26 
4 129 32 45 18 109 57 36 19 198 169 90 33 40 179 73 29
